idx		width		height		result		
5		113.896		34.308		[354.904, 186.806]			0		30
0		138.827		36.854		[299.995, 309.068]			0		30
1		137.43		35.4574		[299.995, 309.068]			0		30
2		51.0613		134.585		[383.569, 231.517]			0		30
3		49.9658		133.399		[383.573, 231.507]			0		30
4		30.8371		139.414		[262.045, 157.516]			0		30
5		30.2061		139.008		[262.104, 157.651]			0		30
8		41.0122		136.472		[458.25, 148.25]			0		30
9		39.598		135.057		[458.25, 148.25]			0		30
0		137.886		34.6482		[324, 229.5]			0		30
1		136.472		33.9411		[323.75, 229.25]			0		30
2		28.9403		137.957		[260.134, 129.314]			0		30
3		28.6782		137.939		[260.201, 129.287]			0		30
8		40.1686		137.438		[447.779, 114.288]			0		30
9		38.9609		136.23		[447.779, 114.289]			0		30
0		137.886		35.3553		[323.75, 229.25]			0		30
1		136.472		33.9411		[323.75, 229.25]			0		30
2		28.6395		137.979		[260.099, 129.306]			0		30
3		28.4605		137.875		[259.8, 129.4]			0		30
0		137.287		36.2007		[333.053, 237.512]			0		30
1		136.213		35.127		[333.053, 237.512]			0		30
2		28.8966		138.493		[260.229, 129.29]			0		30
3		28.6847		138.464		[260.214, 129.266]			0		30
0		137.36		36.1201		[333.111, 237.525]			0		30
1		136.285		35.0452		[333.118, 237.537]			0		30
2		28.6203		138.519		[260.243, 129.537]			0		30
3		28.3744		138.517		[260.246, 129.549]			0		30
0		128.356		13.4637		[344.472, 109.488]			0		30
0		38.2		138.4		[243.02, 102.64]			0		30
1		37		137.2		[243.02, 102.64]			0		30
1		44.4104		128.648		[255.913, 95.7713]			0		30
2		43.939		128.658		[255.629, 95.835]			0		30
1		47.7649		134.082		[374.502, 155.046]			0		30
2		48.1097		129.891		[211.334, 150.38]			0		30
3		48.1097		129.891		[211.334, 150.38]			0		30
